
Sign and Verify data using your SSH keys.
-----------------------------------------

Example:

1> Y=ssh_sign:sign(<<"hejsan magnus lille">>).
<<131,168,202,64,48,226,75,151,121,184,112,225,29,136,224,
  148,244,27,203,156,0,30,5,234,158,228,78,20,158,...>>

2> ssh_sign:verify(<<"hejsan magnus lille">>,Y).
ok

3> ssh_sign:verify(<<"hejsan magnus store">>,Y).
S: <<0,1,255,255,255,255,255,255,255,255,255,255,255,255,255,255,255,255,255,
     255,255,255,255,255,255,255,255,255,255,255,255,255,255,255,255,255,255,
     255,255,255,255,255,255,255,255,255,255,255,255,255,255,255,255,255,255,
     255,255,255,255,255,255,255,255,255,255,255,255,255,255,255,255,255,255,
     255,255,255,255,255,255,255,255,255,255,255,255,255,255,255,255,255,255,
     255,255,255,255,255,255,255,255,255,255,255,255,255,255,255,255,255,255,
     255,255,255,255,255,255,255,255,255,255,255,255,255,255,255,255,255,255,
     255,255,255,255,255,255,255,255,255,255,255,255,255,255,255,255,255,255,
     255,255,255,255,255,255,255,255,255,255,255,255,255,255,255,255,255,255,
     255,255,255,255,255,255,255,255,255,255,255,255,255,255,255,255,255,255,
     255,255,255,255,255,255,255,255,255,255,255,255,255,255,255,255,255,255,
     255,255,255,255,255,255,255,255,255,255,255,255,255,255,255,255,255,255,
     255,255,255,0,48,33,48,9,6,5,43,14,3,2,26,5,0,4,20,115,177,190,178,226,22,
     99,165,104,103,149,144,141,222,233,160,32,4,194,40>>
{error,invalid_signature}

4> size(Y).
256
